0.00000000000000000000 0.18346542923081182730
0.01000000000000000021 0.18346542923081182730
0.02000000000000000042 0.18346567566784308112
0.02999999999999999889 0.18346641486912917962
0.04000000000000000083 0.18346764650529095997
0.05000000000000000278 0.18346937002750485224
0.05999999999999999778 0.18347158466771748553
0.07000000000000000666 0.18347428943894447673
0.08000000000000000167 0.18347748313565445666
0.08999999999999999667 0.18348116433423913851
0.10000000000000000555 0.18348533139356748567
0.11000000000000000056 0.18348998245562528342
0.11999999999999999556 0.18349511544623867132
0.13000000000000000444 0.18350072807588246881
0.14000000000000001332 0.18350681784057282231
0.14999999999999999445 0.18351338202284273038
0.16000000000000000333 0.18352041769280233452
0.17000000000000001221 0.18352792170928072801
0.17999999999999999334 0.18353589072105197522
0.19000000000000000222 0.18354432116814184406
0.20000000000000001110 0.18355320928321827711
0.20999999999999999223 0.18356255109306127138
0.22000000000000000111 0.18357234242011577496
0.23000000000000000999 0.18358257888412199410
0.23999999999999999112 0.18359325590382880034
0.25000000000000000000 0.18360436869878427046
0.26000000000000000888 0.18361591229120535762
0.27000000000000001776 0.18362788150792530573
0.28000000000000002665 0.18364027098241939018
0.28999999999999998002 0.18365307515690604268
0.29999999999999998890 0.18366628828452469246
0.30999999999999999778 0.18367990443158838110
0.32000000000000000666 0.18369391747991151154
0.33000000000000001554 0.18370832112920978951
0.34000000000000002442 0.18372310889957524371
0.34999999999999997780 0.18373827413402099573
0.35999999999999998668 0.18375381000109855534
0.36999999999999999556 0.18376970949758483775
0.38000000000000000444 0.18378596545123904171
0.39000000000000001332 0.18380257052362658499
0.40000000000000002220 0.18381951721301253988
0.40999999999999997558 0.18383679785731976697
0.41999999999999998446 0.18385440463715344017
0.42999999999999999334 0.18387232957888996476
0.44000000000000000222 0.18389056455782845645
0.45000000000000001110 0.18390910130140597500
0.46000000000000001998 0.18392793139247248790
0.46999999999999997335 0.18394704627262695174
0.47999999999999998224 0.18396643724561195787
0.48999999999999999112 0.18398609548076674813
0.50000000000000000000 0.18400601201653535299
0.51000000000000000888 0.18402617776403243366
0.52000000000000001776 0.18404658351066172095
0.53000000000000002665 0.18406721992378766162
0.54000000000000003553 0.18408807755445921739
0.55000000000000004441 0.18410914684118451223
0.56000000000000005329 0.18413041811375313594
0.56999999999999995115 0.18415188159710810245
0.57999999999999996003 0.18417352741526352156
0.58999999999999996891 0.18419534559526748452
0.59999999999999997780 0.18421732607120869241
0.60999999999999998668 0.18423945868826610561
0.61999999999999999556 0.18426173320679889445
0.63000000000000000444 0.18428413930647763452
0.64000000000000001332 0.18430666659045119582
0.65000000000000002220 0.18432930458955290587
0.66000000000000003109 0.18435204276654129640
0.67000000000000003997 0.18437487052037410118
0.68000000000000004885 0.18439777719051597682
0.68999999999999994671 0.18442075206127603315
0.69999999999999995559 0.18444378436617500649
0.70999999999999996447 0.18446686329234229795
0.71999999999999997335 0.18448997798493624312
0.72999999999999998224 0.18451311755159197081
0.73999999999999999112 0.18453627106689121651
0.75000000000000000000 0.18455942757685503408
0.76000000000000000888 0.18458257610345571442
0.77000000000000001776 0.18460570564914827174
0.78000000000000002665 0.18462880520141883300
0.79000000000000003553 0.18465186373734801539
0.80000000000000004441 0.18467487022818937503
0.81000000000000005329 0.18469781364395965184
0.81999999999999995115 0.18472068295803925619
0.82999999999999996003 0.18474346715178319167
0.83999999999999996891 0.18476615521913844487
0.84999999999999997780 0.18478873617126784223
0.85999999999999998668 0.18481119904117790376
0.86999999999999999556 0.18483353288835063788
0.88000000000000000444 0.18485572680337361562
0.89000000000000001332 0.18487776991257345860
0.90000000000000002220 0.18489965138264299882
0.91000000000000003109 0.18492136042526802209
0.92000000000000003997 0.18494288630174690602
0.93000000000000004885 0.18496421832760293058
0.93999999999999994671 0.18498534587718870603
0.94999999999999995559 0.18500625838828038683
0.95999999999999996447 0.18502694536665886815
0.96999999999999997335 0.18504739639067854795
0.97999999999999998224 0.18506760111582012951
0.98999999999999999112 0.18508754927922643763
1.00000000000000000000 0.18510723070422030467
1.01000000000000000888 0.18512663530480283347
1.02000000000000001776 0.18514575309012856752
1.03000000000000002665 0.18516457416895759636
1.04000000000000003553 0.18518308875408467928
1.05000000000000004441 0.18520128716673894820
1.06000000000000005329 0.18521915984095813079
1.07000000000000006217 0.18523669732793060505
1.08000000000000007105 0.18525389030030886550
1.09000000000000007994 0.18527072955648798969
1.10000000000000008882 0.18528720602485090896
1.11000000000000009770 0.18530331076797645906
1.12000000000000010658 0.18531903498681226439
1.12999999999999989342 0.18533437002480607214
1.13999999999999990230 0.18534930737199792339
1.14999999999999991118 0.18536383866907041318
1.15999999999999992006 0.18537795571135431971
1.16999999999999992895 0.18539165045279010213
1.17999999999999993783 0.18540491500984318529
1.18999999999999994671 0.18541774166536992285
1.19999999999999995559 0.18543012287243562652
1.20999999999999996447 0.18544205125808074786
1.21999999999999997335 0.18545351962703485182
1.22999999999999998224 0.18546452096537768828
1.23999999999999999112 0.18547504844414469671
1.25000000000000000000 0.18548509542287541785
1.26000000000000000888 0.18549465545310556136
1.27000000000000001776 0.18550372228179801137
1.28000000000000002665 0.18551228985471568400
1.29000000000000003553 0.18552035231973029727
1.30000000000000004441 0.18552790403006994002
1.31000000000000005329 0.18553493954750083228
1.32000000000000006217 0.18554145364544455399
1.33000000000000007105 0.18554744131202799418
1.34000000000000007994 0.18555289775306521571
1.35000000000000008882 0.18555781839497029195
1.36000000000000009770 0.18556219888759953318
1.37000000000000010658 0.18556603510702229798
1.37999999999999989342 0.18556932315821911272
1.38999999999999990230 0.18557205937770598903
1.39999999999999991118 0.18557424033608355129
1.40999999999999992006 0.18557586284051100223
1.41999999999999992895 0.18557692393710212286
1.42999999999999993783 0.18557742091324383460
1.43999999999999994671 0.18557735129983571332
1.44999999999999995559 0.18557671287344959521
1.45999999999999996447 0.18557550365840760898
1.46999999999999997335 0.18557372192877963357
1.47999999999999998224 0.18557136621029657331
1.48999999999999999112 0.18556843528218083805
1.50000000000000000000 0.18556492817889289060
1.51000000000000000888 0.18556084419179058598
1.52000000000000001776 0.18555618287070477224
1.53000000000000002665 0.18555094402542643417
1.54000000000000003553 0.18554512772710679558
1.55000000000000004441 0.18553873430956932533
1.56000000000000005329 0.18553176437053192638
1.57000000000000006217 0.18552421877274061224
1.58000000000000007105 0.18551609864501245051
1.59000000000000007994 0.18550740538318624684
1.60000000000000008882 0.18549814065098502169
1.61000000000000009770 0.18548830638078228628
1.62000000000000010658 0.18547790477427966715
1.62999999999999989342 0.18546693830308860762
1.63999999999999990230 0.18545540970922055890
1.64999999999999991118 0.18544332200548180323
1.65999999999999992006 0.18543067847577479612
1.66999999999999992895 0.18541748267530505645
1.67999999999999993783 0.18540373843069168913
1.68999999999999994671 0.18538944983998426053
1.69999999999999995559 0.18537462127258277911
1.70999999999999996447 0.18535925736906211370
1.71999999999999997335 0.18534336304090084924
1.72999999999999998224 0.18532694347011294256
1.73999999999999999112 0.18531000410878367690
1.75000000000000000000 0.18529255067850841643
1.76000000000000000888 0.18527458916973554848
1.77000000000000001776 0.18525612584101114333
1.78000000000000002665 0.18523716721812896746
1.79000000000000003553 0.18521772009318149266
1.80000000000000004441 0.18519779152351537044
1.81000000000000005329 0.18517738883059048360
1.82000000000000006217 0.18515651959874099286
1.83000000000000007105 0.18513519167384145936
1.84000000000000007994 0.18511341316187546191
1.85000000000000008882 0.18509119242740823541
1.86000000000000009770 0.18506853809196407989
1.87000000000000010658 0.18504545903230712467
1.87999999999999989342 0.18502196437862702960
1.88999999999999990230 0.18499806351262934601
1.89999999999999991118 0.18497376606553220246
1.90999999999999992006 0.18494908191596620695
1.91999999999999992895 0.18492402118778281106
1.92999999999999993783 0.18489859424776761143
1.93999999999999994671 0.18487281170326116952
1.94999999999999995559 0.18484668439968635067
1.95999999999999996447 0.18482022341798451381
1.96999999999999997335 0.18479344007196008004
1.97999999999999998224 0.18476634590553298043
1.98999999999999999112 0.18473895268990253582
2.00000000000000000000 0.18471127242061979867
