0.00000000002000000000 0.00000004225782567521 0.00000005282228209401
0.00000000003000000000 0.00000004841244005980 0.00000004034370004984
0.00000000004000000000 0.00000005270480335214 0.00000003294050209509
0.00000000005000000000 0.00000005590189708054 0.00000002795094854027
0.00000000006000000000 0.00000005838763642274 0.00000002432818184281
0.00000000007000000000 0.00000006038096702607 0.00000002156463108074
0.00000000008000000000 0.00000006201761054767 0.00000001938050329615
0.00000000009000000000 0.00000006338682321724 0.00000001760745089368
0.00000000010000000000 0.00000006454998596099 0.00000001613749649025
0.00000000011000000000 0.00000006555082476998 0.00000001489791472045
0.00000000012000000000 0.00000006642139544116 0.00000001383779071691
0.00000000013000000000 0.00000006718576672042 0.00000001292033975393
0.00000000014000000000 0.00000006786238051748 0.00000001211828223526
0.00000000015000000000 0.00000006846561615295 0.00000001141093602549
0.00000000016000000000 0.00000006900685710484 0.00000001078232142263
0.00000000017000000000 0.00000006949523659142 0.00000001021988773403
0.00000000018000000000 0.00000006993816997263 0.00000000971363471842
0.00000000019000000000 0.00000007034174216900 0.00000000925549239066
0.00000000020000000000 0.00000007071099434782 0.00000000883887429348
