0.00000000002000000000 0.00000004564367822070 0.00000011410919555175
0.00000000003000000000 0.00000005370879799265 0.00000008951466332109
0.00000000004000000000 0.00000005976165634453 0.00000007470207043066
0.00000000005000000000 0.00000006454998596098 0.00000006454998596098
0.00000000006000000000 0.00000006846561615293 0.00000005705468012744
0.00000000007000000000 0.00000007174333092797 0.00000005124523637712
0.00000000008000000000 0.00000007453595061580 0.00000004658496913487
0.00000000009000000000 0.00000007694875088842 0.00000004274930604912
0.00000000010000000000 0.00000007905733679085 0.00000003952866839543
0.00000000011000000000 0.00000008091777348114 0.00000003678080612779
0.00000000012000000000 0.00000008257271360637 0.00000003440529733599
0.00000000013000000000 0.00000008405529436409 0.00000003232895937080
0.00000000014000000000 0.00000008539171755093 0.00000003049704198248
0.00000000015000000000 0.00000008660301472264 0.00000002886767157421
0.00000000016000000000 0.00000008770628843761 0.00000002740821513675
0.00000000017000000000 0.00000008871560567240 0.00000002609282519776
0.00000000018000000000 0.00000008964265392611 0.00000002490073720170
0.00000000019000000000 0.00000009049723156226 0.00000002381506093744
0.00000000020000000000 0.00000009128761996679 0.00000002282190499170
